1 8
1 9
1 10
1 11
1 12
1 13
1 14
2 7
2 8
2 9
2 10
2 11
2 12
2 13
2 14
2 15
3 5
3 6
3 7
3 8
3 9
3 10
3 11
3 12
3 13
3 14
3 15
4 4
4 5
4 6
4 7
4 8
4 13
4 14
4 15
5 5
5 6
5 7
5 13
5 14
5 15
6 13
6 14
6 15
7 12
7 13
7 14
7 15
8 10
8 11
8 12
8 13
8 14
9 8
9 9
9 10
9 11
9 12
9 13
9 14
10 7
10 8
10 9
10 10
10 11
10 12
10 13
10 14
10 15
11 8
11 9
11 10
11 11
11 12
11 13
11 14
11 15
12 13
12 14
12 15
13 12
13 13
13 14
13 15
14 10
14 11
14 12
14 13
14 14
15 7
15 8
15 9
15 10
15 11
15 12
15 13
16 6
16 7
16 8
16 9
16 10
16 11
16 12
17 7
17 8
17 9
17 10
