1 12
2 11
2 12
2 13
3 10
3 11
3 12
3 13
4 9
4 10
4 11
4 12
5 8
5 9
5 10
5 11
6 7
6 8
6 9
6 10
7 6
7 7
7 8
7 9
8 5
8 6
8 7
8 8
8 9
8 10
8 11
8 12
8 13
9 5
9 6
9 7
9 8
9 9
9 10
9 11
9 12
9 13
9 14
10 4
10 5
10 6
10 7
10 8
10 9
10 10
10 11
10 12
10 13
10 14
10 15
11 3
11 4
11 5
11 6
11 13
11 14
11 15
11 16
12 3
12 4
12 5
12 14
12 15
12 16
13 2
13 3
13 4
13 5
13 14
13 15
13 16
14 2
14 3
14 4
14 12
14 13
14 14
14 15
14 16
15 2
15 3
15 4
15 10
15 11
15 12
15 13
15 14
15 15
16 2
16 3
16 4
16 8
16 9
16 10
16 11
16 12
16 13
16 14
17 3
17 4
17 5
17 6
17 7
17 8
17 9
17 10
17 11
17 12
18 3
18 4
18 5
18 6
18 7
18 8
18 9
19 4
19 5
19 6
19 7
19 8
19 9
