6.22938 1.60915
4.47657 2.01217
0.301292 3.42277
5.68008 6.31655
4.23621 6.61799
7.03976 5.66734
7.10597 4.75021
8.38035 4.17603
8.83963 2.50005
8.31722 2.13802
4.14802 2.46139
4.17487 2.18572
4.96229 1.78322
3.14908 2.75396
3.13007 2.76314
0.634474 4.14593
0.611832 4.04531
1.49703 6.194
2.43414 7.1525
2.5244 7.23472
2.39558 7.32302
4.18496 8.01044
4.41328 6.8267
4.08758 6.51623
4.9471 5.9516
6.98595 4.89613
5.7764 6.30441
6.96841 6.32154
7.29956 5.78103
7.20937 5.57398
7.38334 4.65102
7.91667 4.29911
9.02906 3.81743
9.02054 3.24214
8.96193 3.41101
8.59712 4.07924
5.24478 1.95064
6.09656 1.64081
6.45833 1.51536
8.52284 2.44339
1.35614 2.79877
1.45287 2.82661
1.23017 2.96465
1.72819 2.96827
1.81241 2.96561
1.58911 2.92816
2.58785 2.9118
3.58916 2.11484
4.24913 2.14153
4.84888 1.72299
5.49435 1.52613
4.3839 2.25444
3.6832 2.65479
3.20182 2.79792
2.7547 2.88038
1.68005 3.14702
2.8063 3.05821
4.54172 5.96121
5.22885 6.08731
4.82408 6.12505
4.27742 5.97177
4.27118 6.11047
1.57636 6.12986
1.43373 5.73563
1.01993 5.16876
0.736325 3.27256
0.608182 3.40042
0.488793 3.55244
0.571998 3.76706
0.710064 4.35827
1.80471 6.60848
1.87056 6.6484
4.09069 6.43564
2.92674 7.50777
2.8843 7.52355
2.79488 7.45738
2.07782 6.78392
3.14756 7.69774
3.7173 7.88296
3.63411 7.9355
3.70775 7.96064
3.80971 8.03515
4.03224 8.02348
3.98508 7.77586
4.08644 7.55867
4.2277 7.99755
4.138 8.01904
4.19071 8.30235
4.25184 7.99912
4.37137 7.86855
4.3931 7.78689
4.50954 7.47823
4.30684 7.2692
4.30443 7.12615
4.24397 7.4094
4.24348 7.06758
4.17138 6.62437
4.18013 6.86513
4.18978 6.15072
5.19051 6.20054
6.77419 4.54026
7.00624 4.78971
7.02208 4.74094
7.05492 5.75783
7.04673 5.73291
6.96411 5.63565
6.72275 5.08844
5.87508 6.36118
6.24545 6.4328
6.56755 6.4632
6.30715 6.6637
6.9901 6.46666
6.76149 6.44619
6.86188 6.41091
7.04616 5.91926
7.06685 4.65365
7.22313 4.84534
7.0566 6.03888
7.30422 5.54057
7.81056 4.52557
8.16194 4.51835
7.66888 4.48821
8.69012 4.0162
8.42163 4.11644
8.34449 4.45072
8.10603 4.39208
8.77017 3.94113
8.80496 3.89894
8.8641 3.80611
8.88846 3.75582
8.90935 3.7032
8.95213 3.21877
9.15964 2.9075
8.7526 2.51962
8.86232 2.92561
8.8881 3.1485
8.80421 3.47432
8.74128 2.78151
8.67301 3.71142
8.6531 2.49079
8.60554 2.42807
7.23394 2.04463
7.75669 2.13588
8.29724 2.21391
8.55461 2.36669
5.70263 1.59007
5.60437 1.60571
5.57684 1.90773
5.67867 1.3954
6.15785 1.44018
6.20812 1.54855
6.51675 1.55291
7.05303 1.49893
6.9929 1.54573
6.80793 1.76709
7.56813 1.9071
8.23826 2.00527
8.1041 1.98897
8.3541 1.95955
7.86386 1.86146
1.61196 2.78737
1.76236 2.75543
1.81578 2.7879
2.12865 2.8101
1.72257 2.8114
1.18567 2.83073
0.956113 2.90804
0.694503 2.91334
0.806288 2.95763
1.64517 2.97128
1.56358 2.97491
1.89761 2.96302
1.98356 2.96024
2.07005 2.95697
1.7649 2.94316
2.33052 2.94152
2.24375 2.94789
2.15686 2.95294
2.41694 2.93357
2.50279 2.92376
2.73132 2.91487
2.67189 2.89744
2.91607 2.83753
2.83606 2.86035
2.29277 2.8584
2.23577 2.81954
2.39935 2.75692
2.99483 2.81208
3.01916 2.60446
3.0489 2.53624
3.6634 2.41253
3.30953 2.41295
3.73816 2.45028
3.98404 2.45161
3.81043 2.40711
3.88277 2.36334
3.95527 2.31915
4.28788 2.02638
4.32409 2.09776
4.39987 2.05458
4.40413 1.90515
4.10121 2.23017
4.08694 2.26089
4.08195 2.33346
4.02805 2.2747
3.59335 2.53417
3.66583 2.49269
3.67999 2.5464
3.66307 2.76557
3.56703 2.70604
3.5206 2.57455
3.44747 2.61365
3.26571 2.74507
3.29968 2.68737
3.37387 2.65132
3.35024 2.54964
3.1695 2.66659
3.08 2.69119
3.22478 2.72164
3.07247 2.78416
0.901243 3.0766
0.929632 3.08142
0.87441 3.10653
0.988486 3.05971
1.05075 3.04111
1.11621 3.02535
1.18464 3.01215
1.40553 2.98517
1.48362 2.97945
1.56655 2.97577
2.27494 2.98081
2.30137 3.0571
2.14239 2.98552
1.32952 2.99234
1.25581 3.00124
1.06665 3.42749
1.09991 4.26423
2.59356 3.22384
1.24967 5.51631
1.14345 5.41121
1.08021 5.28981
1.06264 5.14507
0.962737 5.04838
0.90879 4.92896
0.988501 4.82853
0.969347 4.65949
0.858234 4.81082
0.869788 4.9426
0.865748 5.20047
0.86702 5.20656
0.813295 4.9033
0.81122 4.69426
0.767896 4.57959
0.692912 4.35714
0.72841 4.46711
0.772125 4.22576
0.808392 4.43389
0.846836 3.87974
0.735354 3.57407
0.775753 3.16801
0.823044 3.1353
0.732759 3.20494
0.694284 3.24638
0.692396 3.2974
0.687551 3.69228
0.589994 3.4626
0.631774 3.34384
0.660549 3.29258
0.48424 3.09629
0.488738 3.13063
0.57743 3.53066
0.48519 3.57307
0.32918 3.62825
0.568581 3.6832
0.570342 3.6043
0.64195 3.79055
0.66155 4.24998
0.635036 4.03072
0.593773 3.94842
0.580445 3.85557
1.20947 5.53266
1.27815 5.65385
1.14589 5.76219
1.44497 6.14439
1.49858 6.01278
1.42285 5.89422
1.34933 5.77447
1.54915 5.61672
1.60235 5.91558
1.71846 5.96336
1.86036 6.12384
1.82053 6.46911
1.73748 6.35833
1.65604 6.24515
1.59761 6.51134
3.99289 6.7902
4.07478 6.88221
4.08099 6.84846
4.03062 6.91895
2.57743 7.16889
2.34416 7.06629
2.28119 7.06815
2.17113 7.15368
2.23843 7.02968
2.25464 6.97612
2.20348 6.95268
1.90503 6.57717
1.99085 6.68221
1.87885 6.72047
2.1658 6.88199
2.61474 7.31295
2.70497 7.38718
2.90728 7.47016
2.97301 7.58568
2.9247 7.57295
2.90275 7.47532
2.79735 7.52238
3.06083 7.64374
3.17287 7.67505
3.233 7.74765
3.00349 7.81327
3.41293 8.01419
3.39925 7.83517
3.31697 7.79347
3.39399 7.66568
3.7419 7.93396
3.77873 7.98161
3.51933 8.16429
4.08703 8.02339
3.97381 8.01934
3.91196 8.01097
3.84686 7.99839
3.94476 7.84938
3.74401 7.86758
3.55802 7.9062
3.47967 7.87275
3.54711 7.82704
3.72228 7.76586
3.85716 7.84756
4.03707 7.19976
4.22185 6.99978
4.26511 7.13529
4.28636 7.20259
4.32617 7.3348
4.14651 7.35896
4.1347 7.62876
4.10562 7.48123
4.26603 7.98038
4.21435 8.0607
4.15132 8.20553
4.10823 8.32693
4.32391 8.29507
4.29976 7.95891
4.32869 7.93312
4.33036 7.80075
4.36475 7.76005
4.35263 7.90301
4.337 8.16285
4.43579 8.12518
4.38474 7.82974
4.37581 7.80734
4.39685 7.74028
4.4604 7.6596
4.39636 7.69024
4.39204 7.63707
4.34137 7.63568
4.34395 7.39909
4.35982 7.46177
4.37338 7.52252
4.38424 7.58106
4.20061 6.9322
4.44626 6.6251
4.34402 6.32479
4.18639 6.25953
4.17651 6.4445
4.19761 6.48538
4.16081 6.79888
4.14303 6.73375
4.12718 6.67006
4.11363 6.60809
4.10278 6.54817
4.09022 6.38366
4.09399 6.33492
4.095 6.49058
4.10238 6.28975
4.13454 6.21129
4.12782 6.17635
4.11576 6.24843
4.09685 6.16782
4.10089 6.12674
4.12856 6.15926
4.15105 6.10366
4.17272 5.85959
4.32186 6.09809
4.22702 6.1279
4.15908 6.17862
4.37863 6.09043
4.44108 6.08716
4.48844 6.00294
4.36709 5.90992
4.65486 5.89951
4.5088 6.08795
4.58138 6.09247
6.66323 6.10147
4.65839 6.10037
6.79804 5.76604
6.77745 5.29799
6.92043 4.87424
6.97858 5.01255
6.97888 5.07382
6.98082 4.95323
6.97581 5.09292
6.92687 6.10838
6.90235 5.49446
6.86968 6.02801
5.287 6.22293
5.74838 6.19739
6.93237 6.23184
6.22864 6.23768
5.58157 6.2932
5.48295 6.26958
5.38462 6.24605
5.2274 6.20163
5.09556 6.17923
5.13973 6.16838
5.00256 6.15932
4.73943 6.11135
4.91193 6.14115
4.52545 6.17663
4.60635 6.27892
4.85743 6.3241
5.77805 6.33933
5.89341 6.36386
5.97075 6.38179
5.89995 6.37569
5.13377 6.38312
5.12695 6.37826
5.1975 6.38595
5.80789 6.52493
5.74572 6.5781
4.51896 7.54535
6.09548 6.55464
5.88231 6.51013
6.15635 6.41793
6.06464 6.40081
6.493 6.46062
6.50653 6.66376
6.63168 6.73897
6.71416 6.64896
6.93104 6.63599
6.63742 6.46187
6.70221 6.45631
6.97175 6.44598
6.81485 6.43117
6.41419 6.45448
6.33154 6.44509
6.39818 6.37767
6.90293 6.38571
6.93832 6.35583
6.96231 6.29689
6.98138 5.13676
6.98575 5.2011
6.99431 4.84153
7.0066 5.39972
6.9987 5.33285
6.99163 5.26655
6.98247 5.31431
7.015 5.46688
7.02355 5.53405
7.01403 6.24088
6.99353 6.28314
7.02857 6.38509
7.03024 6.19505
7.04252 6.14592
7.03192 5.60097
7.0567 5.8605
7.05902 5.92197
7.05119 6.09377
7.08886 6.30375
7.28553 6.17003
7.23834 6.14629
7.0591 5.98152
7.34794 5.55643
7.24917 5.21268
7.10899 5.13868
7.05249 5.79739
7.16043 5.03971
7.17986 4.78772
7.21392 4.86074
7.29036 4.8042
7.61282 4.47598
8.61068 4.47087
7.29725 4.46635
7.25032 4.49105
7.20646 4.51807
7.23861 4.61367
7.28659 4.63674
7.10417 4.77541
7.07353 4.72558
7.04217 4.69549
7.01099 4.74577
7.09587 4.6152
7.12898 4.57993
7.16593 4.54762
7.19192 4.59272
7.454 4.40407
7.39935 4.42308
7.34701 4.44376
7.3229 4.30673
7.45948 4.3824
7.51072 4.38654
7.56925 4.37026
7.81648 4.31346
7.75321 4.32684
7.69075 4.34063
7.62935 4.35503
7.88029 4.30027
7.94441 4.28706
8.00857 4.27361
7.85808 4.2641
9.09237 3.77716
8.95126 3.53299
8.94074 3.5916
8.93492 3.36002
8.95832 3.47273
8.9621 3.34799
9.1113 3.36225
8.95883 3.28385
9.0929 3.2257
9.08669 2.56847
8.95316 2.42458
8.94247 2.66837
8.95189 3.07868
8.92845 3.08648
8.94201 3.15292
8.91148 3.01962
8.89109 2.95252
8.86729 2.88536
8.73807 2.61954
8.77547 2.68521
8.80947 2.75153
8.84008 2.8183
8.78117 3.79638
8.86663 3.57321
8.89625 3.76771
8.92678 3.6484
8.90371 3.99339
8.83627 3.85387
8.73583 3.96029
8.73189 3.98028
8.51184 4.23324
8.49319 4.13195
8.5464 4.10678
8.43985 4.12736
8.43776 4.15496
8.32122 4.19537
8.26062 4.2132
8.1988 4.22972
8.13602 4.24516
8.07252 4.25972
7.29881 4.22473
7.61327 4.18993
7.6298 4.17543
7.73301 4.21303
7.76531 4.12534
8.25896 3.986
8.20581 3.97972
8.09394 4.09139
8.38161 2.19231
8.44264 2.24863
8.47601 2.24778
8.50031 2.30681
8.63771 2.24004
8.55322 2.25895
8.62972 2.95783
8.59311 3.87433
8.64511 4.04912
8.69643 3.07809
8.68493 2.84885
8.69727 2.55467
5.23354 1.95854
5.4201 1.85111
5.04849 1.7509
4.91784 1.80192
4.87776 1.81749
4.84525 1.98903
4.96727 2.19067
4.78415 1.94041
4.69822 2.06584
4.55431 1.97069
4.48927 2.1751
4.5149 1.77926
4.63319 1.93031
4.71332 1.89121
4.79481 1.85355
5.31829 1.66734
5.22639 1.69279
5.13649 1.7207
5.09067 1.54543
5.41204 1.64434
5.50745 1.6238
5.72889 1.46755
5.81563 1.41585
5.91642 1.51388
5.90249 1.56614
5.80206 1.57688
6.38789 1.61402
6.00376 1.55783
6.10569 1.55197
6.31089 1.54757
6.41382 1.54902
6.5307 1.50235
6.6994 1.47395
6.92511 1.59272
6.82386 1.57913
6.72194 1.56796
6.61951 1.55922
6.49383 1.59414
7.02552 1.60874
7.12492 1.62717
7.22315 1.64802
7.37851 1.94447
7.43289 1.74006
7.41543 1.69696
7.32004 1.67128
7.81763 1.86922
7.94667 1.90157
7.61819 2.05603
8.24947 2.08595
8.17838 2.03627
8.61332 1.94549
8.02681 1.94407
8.38717 1.8105
7.77853 1.82375
7.74391 1.82732
7.69085 1.78845
7.50913 1.72505
7.58065 1.49597
7.601 1.75555
7.79618 1.74512
