-1.49853 5.57166
7.03976 5.66734
-1.76943 8.59281
7.16593 4.54762
8.73189 3.98028
8.31722 2.13802
-3.49631 1.54495
4.47657 2.01217
2.33052 2.94152
1.48362 2.97945
0.81122 4.69426
2.43414 7.1525
4.08703 8.02339
4.18496 8.01044
4.39204 7.63707
6.96841 6.32154
5.68008 6.31655
7.0066 5.39972
6.99431 4.84153
8.96193 3.41101
8.38035 4.17603
4.96229 1.78322
7.69085 1.78845
8.84008 2.8183
-2.46851 0.00541588
0.608182 3.40042
0.631774 3.34384
2.58785 2.9118
4.17487 2.18572
4.24913 2.14153
3.59335 2.53417
3.14908 2.75396
3.07247 2.78416
4.27118 6.11047
4.18978 6.15072
4.09069 6.43564
3.12083 5.13294
1.49858 6.01278
1.01993 5.16876
0.611832 4.04531
0.634474 4.14593
-2.43291 4.23881
1.69588 6.52935
1.99085 6.68221
2.5244 7.23472
-2.49859 7.40775
2.8843 7.52355
-2.21016 8.1141
3.70775 7.96064
3.63411 7.9355
2.97301 7.58568
3.97381 8.01934
3.84686 7.99839
4.2277 7.99755
4.3931 7.78689
4.39636 7.69024
4.34395 7.39909
4.18013 6.86513
4.24348 7.06758
4.30684 7.2692
6.00006 4.92024
4.65839 6.10037
4.73943 6.11135
5.19051 6.20054
5.38462 6.24605
6.15635 6.41793
6.56755 6.4632
6.76149 6.44619
6.24545 6.4328
10.548 8.69986
7.0567 5.8605
7.04673 5.73291
7.21575 5.29606
7.00624 4.78971
6.98595 4.89613
7.02208 4.74094
7.06685 4.65365
11.9903 4.74014
8.8641 3.80611
8.80496 3.89894
8.69012 4.0162
8.6531 2.49079
7.62935 4.35503
7.51072 4.38654
7.06148 1.94202
8.50031 2.30681
8.59712 4.07924
5.50745 1.6238
6.20812 1.54855
6.61951 1.55922
6.82353 0.811876
7.02552 1.60874
7.32004 1.67128
7.86386 1.86146
7.601 1.75555
7.50913 1.72505
-2.57347 -0.497196
-1.07943 0.381775
1.30462 0.930359
-0.917269 2.00136
0.334849 2.0569
1.8698 2.83431
2.07005 2.95697
2.15686 2.95294
2.24375 2.94789
2.41694 2.93357
2.50279 2.92376
2.67189 2.89744
2.7547 2.88038
2.91607 2.83753
2.83606 2.86035
2.99483 2.81208
3.22478 2.72164
3.29968 2.68737
4.10121 2.23017
4.23833 -1.61216
4.32409 2.09776
4.39987 2.05458
4.59387 0.0122721
4.79481 1.85355
4.71332 1.89121
4.63319 1.93031
4.55431 1.97069
4.02805 2.2747
3.95527 2.31915
3.88277 2.36334
3.81043 2.40711
3.66583 2.49269
3.73816 2.45028
3.5206 2.57455
3.44747 2.61365
3.37387 2.65132
1.25581 3.00124
1.32952 2.99234
1.40553 2.98517
1.56358 2.97491
1.89761 2.96302
1.98356 2.96024
1.81241 2.96561
1.72819 2.96827
1.64517 2.97128
4.06698 4.01692
2.66729 3.58268
1.18464 3.01215
1.11621 3.02535
0.988486 3.05971
1.05075 3.04111
0.929632 3.08142
0.87441 3.10653
0.90879 4.92896
0.858234 4.81082
0.767896 4.57959
0.72841 4.46711
0.692912 4.35714
0.775753 3.16801
0.823044 3.1353
0.732759 3.20494
0.694284 3.24638
0.66155 4.24998
0.660549 3.29258
0.589994 3.4626
0.57743 3.53066
0.570342 3.6043
0.568581 3.6832
0.571998 3.76706
0.593773 3.94842
0.580445 3.85557
-3.40558 4.22514
0.962737 5.04838
1.08021 5.28981
1.14345 5.41121
1.20947 5.53266
1.27815 5.65385
1.34933 5.77447
1.65604 6.24515
1.57636 6.12986
1.42285 5.89422
2.61474 7.31295
2.34416 7.06629
2.25464 6.97612
2.1658 6.88199
2.07782 6.78392
1.90503 6.57717
0.574545 6.31598
1.73748 6.35833
1.82053 6.46911
2.70497 7.38718
2.79488 7.45738
0.371682 7.53409
2.67822 7.74974
-1.17485 9.21408
-0.14705 10.214
2.6604 10.9139
2.82912 9.33779
0.0753719 8.77712
3.91196 8.01097
3.77873 7.98161
3.55802 7.9062
3.47967 7.87275
3.39925 7.83517
3.31697 7.79347
3.06083 7.64374
3.14756 7.69774
3.233 7.74765
4.16081 6.79888
4.20061 6.9322
4.22185 6.99978
4.26511 7.13529
4.138 8.01904
4.03224 8.02348
4.26603 7.98038
4.29976 7.95891
4.28636 7.20259
4.32869 7.93312
4.35263 7.90301
4.37137 7.86855
4.38474 7.82974
4.39685 7.74028
4.38424 7.58106
4.32617 7.3348
4.35982 7.46177
4.37338 7.52252
4.14303 6.73375
4.12718 6.67006
4.11576 6.24843
4.11363 6.60809
4.10278 6.54817
4.095 6.49058
4.09022 6.38366
4.09399 6.33492
4.10238 6.28975
3.97522 5.88025
4.13454 6.21129
4.15908 6.17862
4.22702 6.1279
4.37863 6.09043
4.32186 6.09809
4.58138 6.09247
4.5088 6.08795
4.44108 6.08716
6.97858 5.01255
6.97888 5.07382
6.98082 4.95323
6.98138 5.13676
6.98575 5.2011
6.99163 5.26655
7.02355 5.53405
7.015 5.46688
6.9987 5.33285
7.01403 6.24088
6.99353 6.28314
5.48295 6.26958
5.287 6.22293
5.09556 6.17923
5.00256 6.15932
4.93648 6.0493
4.82408 6.12505
4.91193 6.14115
5.58157 6.2932
5.77805 6.33933
5.87508 6.36118
5.97075 6.38179
6.06464 6.40081
4.88535 11.108
6.34174 10.6087
6.41419 6.45448
6.33154 6.44509
6.99388 10.1653
6.67948 8.20021
6.63742 6.46187
6.493 6.46062
6.81485 6.43117
6.70221 6.45631
6.86188 6.41091
6.90293 6.38571
6.93832 6.35583
7.04217 4.69549
7.03192 5.60097
7.05249 5.79739
7.05902 5.92197
7.04252 6.14592
7.03024 6.19505
7.05119 6.09377
7.0566 6.03888
7.0591 5.98152
8.47636 9.5588
10.2055 8.68603
7.63545 7.4326
12.3695 6.75563
12.1714 6.21277
10.5738 6.74221
7.09587 4.6152
7.70874 5.34236
10.6785 5.83997
7.69075 4.34063
7.56925 4.37026
7.454 4.40407
7.39935 4.42308
7.20646 4.51807
7.12898 4.57993
7.25032 4.49105
7.29725 4.46635
7.34701 4.44376
7.75321 4.32684
7.81648 4.31346
7.88029 4.30027
7.94441 4.28706
8.07252 4.25972
8.00857 4.27361
8.13602 4.24516
8.1988 4.22972
8.26062 4.2132
8.94074 3.5916
8.95126 3.53299
8.95832 3.47273
8.9621 3.34799
8.95883 3.28385
10.9052 2.82659
8.92845 3.08648
8.94201 3.15292
8.95213 3.21877
8.77547 2.68521
8.80947 2.75153
8.86729 2.88536
8.89109 2.95252
8.91148 3.01962
8.92678 3.6484
8.90935 3.7032
8.88846 3.75582
8.83627 3.85387
8.77017 3.94113
8.64511 4.04912
8.5464 4.10678
8.49319 4.13195
8.32122 4.19537
6.14554 4.19472
4.88949 2.70232
5.51554 4.02633
8.43776 4.15496
8.1041 1.98897
8.17838 2.03627
8.24947 2.08595
8.38161 2.19231
8.44264 2.24863
8.55461 2.36669
8.73807 2.61954
8.69727 2.55467
8.60554 2.42807
5.80206 1.57688
5.70263 1.59007
5.60437 1.60571
5.41204 1.64434
5.04849 1.7509
4.87776 1.81749
5.13649 1.7207
5.22639 1.69279
5.31829 1.66734
5.03639 -0.146745
5.90249 1.56614
6.00376 1.55783
6.10569 1.55197
6.31089 1.54757
6.41382 1.54902
6.72194 1.56796
6.51675 1.55291
6.75313 -1.22744
7.33719 -1.51893
6.99097 -0.851182
7.83789 1.14975
6.82386 1.57913
6.92511 1.59272
7.12492 1.62717
7.77853 1.82375
7.41543 1.69696
7.22315 1.64802
8.02681 1.94407
7.94667 1.90157
7.85404 1.41134
12.5949 1.40629
13.1466 1.18232
12.538 1.28954
9.86232 -0.406616
10.9458 1.18149
12.9739 -1.517
