54.5922 7.83758
55.455 7.60073
56.4952 7.33979
57.1531 7.37782
58.0901 7.15311
52.7876 8.64364
53.6072 8.19132
54.305 8.99432
56.4501 8.16785
57.2919 8.98901
58.4845 8.3549
59.8231 8.23026
50.9229 9.55501
51.6709 9.36015
52.4607 9.31712
57.7827 9.25367
58.821 9.92792
59.4321 9.19095
60.3633 9.20963
48.9492 10.2888
49.9133 10.6563
50.4389 10.9736
57.4696 10.9382
58.3903 10.7763
61.9439 10.3078
62.5859 10.231
46.5896 11.9365
47.2152 11.1584
48.2775 11.7145
58.6001 11.1148
62.2724 11.5451
63.4375 11.2892
44.6686 12.6639
45.9661 12.6278
46.1389 12.0153
59.9632 12.4695
64.1557 12.2158
65.9775 12.4714
42.3379 13.138
43.7047 13.1073
44.0814 13.6435
59.9121 13.519
65.1292 13.498
66.8183 13.0028
40.2367 14.9999
41.3333 14.9126
59.5897 14.3521
60.068 14.2586
67.1302 14.3096
68.5154 14.7865
38.4462 15.1339
39.3137 15.8147
40.3832 15.3848
60.9945 15.6141
68.0317 15.582
69.1243 15.6088
36.2488 16.2667
37.2444 16.1812
38.3681 16.4946
60.5161 16.3616
61.2567 16.2922
70.4773 16.1834
71.3728 16.1075
34.8162 17.9865
35.9826 17.7851
36.5695 17.4484
61.1908 17.0989
71.6503 17.6254
72.9426 17.3724
32.1123 18.7845
33.6519 18.2178
34.0567 18.3083
61.6131 18.926
62.5879 18.4524
73.8526 18.5379
74.7242 18.2386
30.5751 19.1289
31.6699 19.2633
62.8631 19.337
74.3551 19.7035
75.7835 19.6668
28.649 20.3015
29.5594 20.6001
30.1539 20.6089
63.9622 20.0441
76.9845 20.2721
77.5805 20.149
26.4407 21.6396
27.1229 21.0258
63.979 21.4734
77.4099 21.3959
78.3889 21.0445
23.2106 22.7036
24.5802 22.3949
25.5832 22.7224
64.889 22.0467
79.8721 22.1874
80.3061 22.9397
21.0201 23.4833
22.5367 23.8788
23.3512 23.9216
64.2957 23.2723
80.4808 23.6356
81.7461 23.4429
19.508 24.6269
20.4853 24.2913
21.1487 24.9925
65.9881 24.5958
82.9634 24.866
83.9089 24.7268
18.3373 25.1019
19.1536 25.0591
65.3688 25.2357
83.1239 25.8632
84.322 25.7508
15.042 26.9547
16.8005 26.183
17.7622 26.8871
66.2974 26.094
85.9742 26.9644
86.2792 26.4463
13.2058 27.8595
14.4589 27.408
15.5307 27.1154
66.4147 27.1223
86.3875 27.3138
87.2105 27.4698
11.4158 28.1904
12.1751 28.357
13.717 28.4785
67.4958 28.5611
88.4446 28.7628
89.7819 28.6623
9.13117 29.1243
10.2561 29.0967
11.6574 29.8568
67.7289 29.8574
89.2704 29.0375
90.0117 29.8791
7.55721 30.2325
8.92703 30.6349
9.77902 30.1173
68.5691 30.9769
91.4735 30.2962
92.974 30.7528
6.73104 31.0983
7.85324 31.2287
8.05033 31.6353
9.54866 31.8503
10.1812 31.8984
11.8642 31.3724
12.8595 31.1789
13.9305 31.8896
68.8407 31.5914
92.7595 31.7986
93.139 31.9825
5.64425 32.2223
6.87759 32.0047
7.06104 32.9299
8.65624 32.6384
9.2295 32.2805
10.8431 32.9417
12.9872 32.2247
13.6964 32.3107
14.1351 32.8934
15.7222 32.0299
16.9098 32.806
17.1755 32.3958
18.7387 32.2288
19.1091 32.1932
20.9358 32.7154
21.8789 32.807
22.4914 32.3594
23.5087 32.7495
24.6152 32.792
25.8245 32.8853
26.187 32.4542
27.7615 32.1339
69.7721 32.1763
94.7511 32.9338
95.357 32.5948
5.59508 33.2456
6.46245 33.4389
25.7315 33.3788
26.7896 33.2171
27.2997 33.4212
28.0556 33.3351
29.9109 33.5539
30.1747 33.1774
31.529 33.0318
32.4417 33.1827
33.3702 33.1112
34.8731 33.444
35.2256 33.7064
36.3634 33.8668
37.1142 33.0556
38.8112 33.4136
39.6723 33.1786
40.8732 33.4687
41.185 33.4055
69.5004 33.8526
70.6676 33.7601
95.9151 33.519
96.9003 33.4775
5.18183 34.4635
40.8264 34.4378
41.0321 34.8774
42.2163 34.7971
43.0957 34.0764
44.0062 34.5969
45.1979 34.2361
46.2166 34.6335
47.8759 34.4654
48.8573 34.3681
49.7739 34.2489
50.7249 34.1597
51.0696 34.79
52.499 34.6007
53.5915 34.2851
54.0436 34.238
70.7815 34.6614
97.3202 34.4598
98.159 34.8082
5.81732 35.8298
54.4439 35.834
70.9053 35.6495
71.9935 35.38
98.0204 35.0308
99.7106 35.5219
5.08493 36.2598
54.078 36.2898
71.0709 36.7316
99.4769 36.34
100.112 36.2402
101.444 36.8074
5.06876 37.9022
54.0238 37.8709
71.9608 37.4966
72.8765 37.0631
101.159 37.5025
102.288 37.8557
5.75625 38.6143
54.7496 38.5509
72.019 38.0175
102.256 38.0109
103.321 38.2054
104.98 38.2574
5.47444 39.6175
54.4832 39.4697
72.8544 39.882
73.1113 39.4163
103.235 39.9429
104.74 39.8481
5.72979 40.8531
54.5197 40.8866
73.7574 40.5147
102.78 40.9367
103.423 40.1478
104.747 40.1569
5.23716 41.7695
54.2336 41.0169
73.5637 41.463
74.956 41.9744
102.718 41.7199
103.631 41.8024
104.107 41.6356
5.5157 42.5983
54.3315 42.2392
74.5426 42.0054
101.64 42.7404
104.705 42.6792
5.66152 43.972
54.8517 43.5284
74.8026 43.813
75.5464 43.763
100.231 43.8691
103.147 43.2802
104.841 43.1969
5.76275 44.4194
54.1149 44.3477
75.2434 44.6175
99.2821 44.5169
100.859 44.9962
103.681 44.0767
4.82559 45.4114
5.73623 45.276
54.3302 45.9979
75.4503 45.3866
76.2183 45.7385
99.8208 45.0785
103.992 45.09
4.08686 46.3048
5.28068 46.1976
54.2121 46.4776
76.4387 46.7275
98.5106 46.216
103.425 46.851
4.82095 47.4481
29.6254 47.4091
30.1359 47.1469
31.7638 47.7909
54.0933 47.4836
76.5743 47.5558
77.2344 47.6765
97.3748 47.3309
98.4363 47.3199
103.208 47.0152
4.42396 48.4715
28.7001 48.822
29.769 48.2821
31.3034 48.19
32.2811 48.4462
33.063 48.0948
54.1979 48.2574
77.5792 48.7924
96.0801 48.5477
97.3136 48.5251
103.818 48.2931
4.89746 49.2223
28.6558 49.1663
33.5978 49.7257
34.6386 49.8184
54.5987 49.5719
77.3917 49.1701
78.2522 49.8628
96.6337 49.4932
103.958 49.2544
4.33396 50.5658
27.8234 50.5972
28.9182 50.6797
35.7668 50.2575
36.4291 50.7834
53.2126 50.6512
54.0485 50.5407
76.041 50.0229
77.8873 50.5866
78.9452 50.9994
95.4484 50.762
96.852 50.9499
103.671 50.6079
4.56523 51.6852
26.9597 51.9004
27.2839 51.5243
36.1078 51.5086
37.155 51.2629
53.5181 51.3556
54.5155 51.0724
75.6292 51.7642
76.9795 51.863
94.9538 51.9688
95.0279 51.1397
103.633 51.0744
4.25599 52.8846
26.9178 52.2446
38.9358 52.4952
39.4739 52.3984
53.0486 52.3112
72.9319 52.1991
73.4449 52.7599
74.5726 52.6147
94.2876 52.6524
103.565 52.8323
4.43406 53.6611
25.6584 53.8068
39.9145 53.5102
40.7344 53.2261
53.1618 53.9107
70.1298 53.1729
71.1506 53.7703
72.1299 53.2663
93.0991 53.7099
103.544 53.5614
4.89291 54.4187
24.7663 54.9912
25.8856 54.8774
41.2297 54.6305
42.2322 54.983
53.6584 54.5632
68.4123 54.6039
69.0255 54.6342
70.0986 54.5989
92.622 54.8675
93.0282 54.8303
103.143 54.8317
4.03076 55.7016
23.1993 55.7338
24.8726 55.2524
42.1558 55.5229
43.0702 55.3418
44.7103 55.7848
53.3317 55.9493
66.1115 55.7086
67.7811 55.1278
68.4279 55.908
92.6214 55.6373
102.771 55.3755
103.395 55.7916
4.87948 56.3543
23.4934 56.5492
44.9717 56.4064
45.0792 56.3799
53.2717 56.4598
64.0678 56.9376
65.1153 56.1153
66.3335 56.0711
91.0423 56.9941
102.79 56.2044
103.782 56.4078
4.50758 57.6166
22.5351 57.1324
23.5137 57.6544
45.4664 57.5661
46.4465 57.4068
47.8011 57.0537
53.705 57.8742
62.4447 57.6589
63.26 57.1629
64.5242 57.1632
90.7781 57.7362
91.7597 57.577
102.217 57.2533
103.072 57.9397
3.54982 58.0276
4.33515 58.6932
21.7666 58.6349
22.6725 58.4086
47.8229 58.704
48.2143 58.1476
53.6789 58.4193
60.7122 58.2397
61.0922 58.7685
62.9228 58.7575
89.3186 58.0645
90.165 58.4693
102.377 58.7756
4.9573 59.5528
21.0374 59.1914
48.1413 59.8484
49.1797 59.9603
50.3983 59.9362
53.694 59.0249
58.564 59.815
59.5638 59.9915
60.6489 59.4679
89.2983 59.4603
102.97 59.092
103.365 59.3514
3.29786 60.2766
4.78161 60.755
20.4336 60.9096
50.5215 60.3391
51.1078 60.0937
52.8906 60.8447
53.6216 60.8533
56.5309 60.6999
57.1285 60.9142
58.207 60.2849
88.9648 60.3362
89.0326 60.8784
102.936 60.2813
3.29225 61.8171
4.96118 61.6969
19.515 61.8986
20.993 61.197
52.9569 61.5606
53.6008 61.9219
54.147 61.8665
55.1421 61.6571
56.655 61.8285
87.9167 61.9937
88.7354 61.1001
102.215 61.8112
3.00421 62.5693
19.6613 62.863
52.8068 62.8827
53.7706 62.748
54.4295 62.4333
55.1061 62.0466
87.8148 62.8419
102.962 62.9056
3.9335 63.4641
18.9684 63.8501
19.4719 63.9537
50.5223 63.1063
51.9902 63.4146
52.4616 63.2151
53.2065 63.1711
54.8763 63.2172
55.5653 63.6891
56.471 63.1926
86.7449 63.6784
87.3819 63.4348
102.26 63.9089
3.85488 64.0401
17.8185 64.7696
18.6918 64.1956
48.5818 64.1043
49.8699 64.9445
50.9957 64.3529
53.2419 64.7113
56.3368 64.5311
57.7222 64.3694
58.6389 64.0791
85.865 64.1286
86.1513 64.1111
102.243 64.0284
3.98682 65.0957
17.5285 65.3145
46.1156 65.4998
47.6891 65.4822
48.3611 65.426
53.1979 65.2665
58.5535 65.7766
59.6697 65.3615
85.4986 65.9726
102.826 65.148
3.91662 66.762
16.1958 66.2145
44.0084 66.1465
45.4632 66.948
46.8044 66.9589
53.857 66.9799
60.9537 66.1214
61.5007 66.7663
84.1082 66.1184
102.122 66.084
3.55916 67.7118
15.0291 67.7241
16.2814 67.4321
42.7635 67.1639
43.0425 67.8774
44.3292 67.4988
53.733 67.348
61.4111 67.4149
62.572 67.8523
83.4846 67.4841
84.3481 67.0117
102.225 67.563
3.348 68.8981
15.1199 68.5756
40.1319 68.3334
41.6971 68.463
42.8104 68.6837
53.2644 68.5802
63.9796 68.6788
64.5784 68.3207
82.9705 68.2883
83.3399 68.2521
101.57 68.1857
102.928 68.541
3.8681 69.8312
14.2741 69.9522
38.3871 69.7056
39.2888 69.1999
40.1533 69.725
53.7392 69.934
64.8617 69.3695
65.9905 69.1429
66.7938 69.5549
82.5147 69.2531
101.643 69.7803
102.573 69.7073
3.90686 70.5825
13.9761 70.3026
14.994 70.8281
36.337 70.0696
37.7163 70.8747
38.708 70.9735
52.3074 70.1324
53.023 70.2189
66.6345 70.0574
67.2423 70.4395
81.7538 70.108
3.60857 71.5537
13.4695 71.6949
34.9216 71.5672
35.0495 71.657
36.2356 71.1049
52.757 71.2935
53.8875 71.9516
67.3514 71.4845
68.261 71.384
69.2173 71.9301
80.1937 71.5757
81.2763 71.0404
101.433 71.8547
2.33772 72.5068
3.04459 72.0962
12.0459 72.0861
32.1894 72.0313
33.0789 72.6293
34.1583 72.7533
52.7558 72.8852
69.0881 72.2015
70.7077 72.1108
80.2549 72.9061
101.77 72.0202
2.3534 73.7732
3.75338 73.1014
11.67 73.1924
12.2422 73.8344
30.5537 73.248
31.0904 73.8412
52.0927 73.3144
70.7567 73.4975
71.4021 73.8185
72.1449 73.0399
79.4291 73.4483
101.101 73.6975
2.68227 74.5909
3.22697 74.8806
10.7906 74.2798
11.1605 74.9572
28.299 74.4329
29.9878 74.6484
52.6068 74.664
72.935 74.5749
73.4541 74.4461
78.0011 74.9844
101.864 74.911
2.68627 75.192
10.9471 75.0638
28.4713 75.7649
29.4697 75.6955
52.2064 75.983
74.6012 75.7735
75.0641 75.605
77.7379 75.5924
78.2124 75.4732
101.814 75.4649
2.86499 76.9875
9.00531 76.2366
10.8654 76.9792
28.2327 76.4023
29.4599 76.017
52.3684 76.1086
76.4159 76.6756
77.5561 76.8221
101.143 76.7987
2.54683 77.9442
9.97284 77.2868
29.4595 77.1557
52.2497 77.4424
101.871 77.7699
2.39796 78.4026
8.64531 78.8773
29.6109 78.6911
30.3981 78.5629
52.3259 78.4203
101.02 78.9762
2.13773 79.1754
7.14545 79.5366
8.30824 79.1109
30.9922 79.0546
52.5275 79.2919
101.459 79.0502
2.08325 80.8102
6.90283 80.0503
7.09546 80.7075
30.4973 80.1446
31.9704 80.2358
52.5719 80.5843
100.733 80.4881
101.849 80.7017
2.38984 81.928
6.9761 81.9337
31.9871 81.8525
52.2669 81.2302
100.507 81.3163
101.049 81.6287
2.27137 82.5514
5.5345 82.2756
6.00189 82.4111
31.6082 82.6762
32.1944 82.8713
52.4524 82.4551
100.964 82.1196
101.403 82.4066
2.01852 83.2633
4.95242 83.1181
5.91205 83.1879
32.2949 83.9469
52.2416 83.5973
100.335 83.6312
101.937 83.7667
2.553 84.3182
3.30409 84.0403
4.63494 84.2884
32.9742 84.6031
33.2839 84.1587
52.4208 84.561
100.105 84.8461
1.19489 85.857
2.98099 85.0708
3.5381 85.0582
4.83517 85.6834
33.5284 85.5422
52.1999 85.5941
100.416 85.1151
1.48515 86.5875
2.30515 86.5933
3.35997 86.803
33.8357 86.378
34.1518 86.1631
52.0265 86.5567
100.669 86.5294
2.93008 87.5599
34.3557 87.8686
51.2595 87.9071
52.1769 87.2102
100.642 87.0702
2.15448 88.6753
3.65627 88.9891
4.94623 88.3601
34.307 88.2676
35.3814 88.3531
51.0985 88.5833
100.358 88.6692
4.35783 89.3401
5.0083 89.3806
35.9669 89.098
51.5356 89.7259
52.1591 89.8079
53.6344 89.48
100.536 89.3854
5.89468 90.3639
6.96295 90.653
7.09915 90.7775
35.4941 90.1831
36.8202 90.6356
52.9913 90.0726
53.2206 90.5885
54.5859 90.1804
55.4668 90.4093
56.643 90.8586
57.6587 90.8276
58.3845 90.7099
59.6843 90.5922
60.8259 90.4009
61.9037 90.0436
62.1844 90.0637
63.0692 90.9775
64.4136 90.3167
65.3891 90.0802
100.021 90.4351
7.13944 91.7178
8.82788 91.7042
36.7306 91.3604
61.8175 91.4845
62.6362 91.422
63.7453 91.0215
64.0885 91.7975
65.6496 91.5312
66.9489 91.8786
67.9297 91.5911
68.6568 91.3294
69.1447 91.37
70.6665 91.4029
71.1888 91.7275
72.2756 91.0796
73.9996 91.7121
74.2529 91.81
75.4565 91.4925
76.1705 91.1416
77.6246 91.2515
78.8481 91.0121
101 91.0734
8.81478 92.9897
9.91375 92.3572
10.1937 92.2416
36.751 92.7868
37.9184 92.5134
76.1392 92.3885
77.6838 92.8982
78.7644 92.7079
79.5411 92.6785
80.9706 92.6373
81.5406 92.0219
82.7985 92.9243
83.3304 92.8114
84.6197 92.894
85.1155 92.391
86.0232 92.4147
87.8854 92.5098
88.1099 92.6391
89.3147 92.2439
90.8517 92.5528
91.2445 92.1777
92.6709 92.8596
99.1498 92.6275
100.897 92.2368
10.4993 93.1855
11.2579 93.4904
37.4141 93.3694
89.056 93.6424
90.532 93.655
91.1966 93.4805
92.4827 93.676
93.7129 93.6023
94.8798 93.87
95.9522 93.4848
96.2387 93.3545
97.0746 93.6101
98.7223 93.311
99.0243 93.1801
100.124 93.6615
11.6261 94.449
12.9951 94.3158
13.9664 94.207
37.3158 94.7745
97.7129 94.4457
98.6281 94.3642
99.5304 94.7358
13.0248 95.8907
14.2481 95.3495
38.9087 95.9884
96.9359 95.658
97.9242 95.9487
98.5441 95.8359
14.9702 96.3081
15.265 96.403
16.6984 96.9769
38.2702 96.6359
94.4048 96.1908
95.982 96.3794
96.7197 96.0656
16.534 97.2897
17.0025 97.0368
38.5773 97.041
39.8488 97.9651
92.0888 97.5255
93.6137 97.1894
94.3376 97.579
17.3604 98.3079
18.6658 98.2635
19.1376 98.9699
39.2401 98.2375
90.9943 98.4569
91.4305 98.245
92.6359 98.338
19.9719 99.2557
20.1309 99.9774
39.5654 99.2859
40.5708 99.177
88.075 99.4336
89.0925 99.7355
90.9767 99.1561
20.168 100.204
21.2153 100.324
22.5682 100.62
40.1263 100.083
86.9057 100.504
87.5776 100.049
88.1655 100.891
22.989 101.88
23.1271 101.691
40.3847 101.74
41.0858 101.151
83.1345 101.702
84.7793 101.695
85.5422 101.607
23.9251 102.944
24.9343 102.423
25.2761 102.168
41.408 102.626
81.5996 102.979
82.8937 102.64
83.4866 102.523
84.687 102.859
25.3971 103.974
26.1091 103.301
41.8484 103.591
42.4499 103.394
79.1521 103.133
80.85 103.963
81.6059 103.908
26.2789 104.911
27.547 104.24
28.2655 104.665
42.1733 104.627
77.5361 104.874
78.5379 104.385
79.2172 104.436
28.6236 105.048
29.7589 105.347
42.9049 105.308
43.2354 105.424
75.3009 105.783
76.1788 105.435
77.9285 105.377
29.6017 106.647
30.5595 106.539
31.3665 106.352
43.19 106.177
73.5558 106.375
74.6268 106.528
75.0013 106.113
31.4975 107.744
32.6274 107.131
43.5915 107.504
44.7653 107.845
71.9363 107.402
72.0937 107.322
73.5172 107.42
32.3634 108.735
33.0452 108.242
34.5609 108.493
44.6806 108.716
69.6676 108.593
70.117 108.218
71.6714 108.205
34.9344 109.228
35.9863 109.044
44.6242 109.87
45.9361 109.538
67.1961 109.723
68.4594 109.344
69.7699 109.669
35.6911 110.223
36.0609 110.061
37.5773 110.824
45.1637 110.995
65.1798 110.393
66.5405 110.975
67.8258 110.951
37.6222 111.73
38.7601 111.961
45.9255 111.488
46.4553 111.025
63.095 111.481
64.2362 111.63
65.7746 111.945
38.3755 112.492
39.7155 112.431
40.3158 112.513
46.0272 112.67
61.1752 112.888
62.9764 112.808
63.1921 112.395
40.2421 113.258
41.2663 113.402
46.0309 113.985
59.2508 113.608
60.9608 113.478
61.1536 113.07
41.1182 114.202
42.9021 114.532
47.1953 114.814
57.8295 114.591
58.1141 114.913
59.5376 114.733
43.042 115.621
44.2931 115.769
47.2074 115.758
55.6128 115.706
56.4195 115.913
57.1953 115.576
44.7 116.165
45.8538 116.262
47.9321 116.771
48.6079 116.849
53.9332 116.566
54.5891 116.529
55.8581 116.38
46.918 117.601
47.3381 117.249
48.2072 117.58
51.263 117.689
52.8482 117.965
53.6117 117.832
47.738 118.687
48.2379 118.693
49.6005 118.762
50.0173 118.355
