12.594 10.4138
13.7229 10.0847
14.8464 10.377
15.7679 10.8592
16.6563 10.9635
17.7109 10.6665
18.0928 10.7755
19.8183 10.9893
12.3632 11.7269
13.2417 11.1936
14.4068 11.3864
15.6127 11.8694
16.4989 11.2923
17.7257 11.9077
18.6451 11.8929
19.3396 11.2194
20.0484 11.2709
21.6304 11.5039
22.4298 11.3074
23.3247 11.972
24.483 11.4409
25.047 11.431
26.246 11.6789
27.9102 11.6364
28.6697 11.0171
29.8819 11.318
30.1644 11.9242
31.958 11.7862
32.4071 11.0456
33.6727 11.5241
12.1888 12.7858
13.9794 12.673
14.585 12.9229
33.0302 12.8153
34.2289 12.9133
71.8886 12.9644
72.9699 12.0412
73.7041 12.1643
74.6979 12.0709
75.3816 12.6076
76.615 12.5571
77.2752 12.6771
78.7355 12.469
79.9402 12.8174
80.8956 12.2865
81.4711 12.6432
82.0548 12.2217
83.4607 12.1896
84.1686 12.7246
85.108 12.7117
89.4157 12.9283
12.5084 13.9391
13.0586 13.1893
14.657 13.1918
15.7222 13.3806
34.1957 13.2636
35.3674 13.0919
70.4356 13.4792
71.7451 13.3953
72.6865 13.8316
75.6091 13.3309
76.4238 13.6059
77.4698 13.7702
78.325 13.3955
79.1708 13.8118
80.706 13.9169
81.0685 13.3671
82.3896 13.5302
83.0972 13.0916
84.5369 13.8703
85.4987 13.3182
86.4719 13.4963
87.5012 13.1484
88.0332 13.9638
89.7249 13.3583
90.4804 13.2283
91.5987 13.2756
92.4901 13.7846
12.5669 14.2822
15.2696 14.4481
16.3689 14.1019
36.3223 14.186
69.1722 14.5261
70.8937 14.9029
90.8397 14.7357
91.6309 14.5877
92.1137 14.8751
11.4859 15.7286
12.9972 15.0342
16.3944 15.4016
17.1126 15.2951
37.7617 15.9386
68.3216 15.9987
69.2853 15.5829
90.3854 15.8897
92.1483 15.0362
93.9471 15.2933
12.1116 16.3055
17.6174 16.9826
37.5386 16.7537
38.4465 16.8903
67.8828 16.7631
68.5597 16.324
89.6694 16.9151
92.2424 16.8387
93.5019 16.0946
12.2521 17.4234
18.1261 17.4245
39.6415 17.1597
66.0814 17.4355
87.871 17.006
88.9713 17.3798
92.4951 17.8659
93.8846 17.0929
12.2014 18.5951
19.9983 18.3105
39.4843 18.1054
40.8925 18.8469
65.7353 18.2189
87.6107 18.5411
92.0299 18.432
11.9947 19.3762
12.3938 19.2427
20.3261 19.6795
40.8279 19.1993
41.8061 19.8086
64.8753 19.3258
86.9045 19.2301
92.0095 19.0804
11.1083 20.3972
12.6274 20.5038
21.103 20.3323
42.9259 20.7125
62.9159 20.321
63.4453 20.395
84.0541 20.6237
85.5593 20.4659
92.1678 20.6107
11.6941 21.5334
12.2699 21.2282
22.5571 21.3394
43.0439 21.1994
61.1564 21.8249
62.2707 21.8695
83.8928 21.9793
84.9062 21.0984
92.5051 21.1295
11.8396 22.1093
12.1506 22.8239
23.8656 22.6982
44.4011 22.9688
60.9004 22.7108
61.4362 22.3731
82.9727 22.194
83.2157 22.3574
92.0223 22.1265
11.9112 23.5832
12.035 23.1365
23.3786 23.7603
24.5486 23.1117
45.9538 23.386
46.0576 23.108
59.3504 23.1749
60.3506 23.4632
81.9438 23.3336
82.3099 23.5227
92.22 23.3379
11.2062 24.8819
12.6726 24.3679
24.0171 24.553
25.9277 24.0575
46.8043 24.9616
58.3787 24.7151
59.6764 24.1798
80.1126 24.6703
81.3732 24.3018
92.4076 24.9052
11.9985 25.3685
12.5853 25.6234
25.9352 25.7467
26.4969 25.9166
47.474 25.37
48.4257 25.1813
57.1848 25.7476
58.6867 25.4455
79.5649 25.146
80.7053 25.2582
92.9929 25.8519
11.8545 26.3007
12.5209 26.9202
26.8351 26.3746
27.5358 26.316
48.8757 26.9228
49.8207 26.8539
56.5384 26.74
57.0488 26.8437
78.4081 26.0291
79.2387 26.8467
92.4482 26.4592
11.2056 27.4496
12.303 27.3825
27.5362 27.4625
28.3299 27.8648
49.1217 27.447
50.6396 27.687
55.7778 27.9802
77.9291 27.9741
78.9838 27.5616
92.3854 27.6063
11.2727 28.5692
12.4441 28.0709
28.3029 28.1697
29.6814 28.9087
50.1416 28.5908
51.6236 28.4131
54.7942 28.6611
76.7523 28.737
77.5075 28.0233
92.4894 28.0642
11.8805 29.9279
29.4413 29.0022
30.3125 29.0132
51.684 29.8506
52.8209 29.9776
53.3708 29.904
75.759 29.5509
76.4433 29.4434
92.4653 29.6711
11.7273 30.5743
30.3762 30.2714
31.1943 30.5657
52.6325 30.5864
74.6713 30.8478
75.7114 30.3803
92.7777 30.3244
11.115 31.0067
12.373 31.1557
31.6468 31.7041
32.2953 31.6677
52.3074 31.0337
73.6719 31.5455
74.3403 31.8665
92.5833 31.9662
11.46 32.8256
12.3623 32.8259
32.7923 32.5891
33.3092 32.7209
52.5586 32.9611
72.1035 32.8355
73.0369 32.1168
92.6951 32.3947
12.8276 33.9269
13.9546 33.8382
33.9587 33.7689
34.8649 33.3698
52.8593 33.7312
71.535 33.0421
72.7337 33.615
92.8172 33.0291
13.3675 34.6425
14.8094 34.2447
34.896 34.2755
35.023 34.9639
52.567 34.0521
70.4982 34.6015
71.0291 34.8473
92.648 34.3056
14.1767 35.463
15.112 35.5215
35.0824 35.9551
52.4007 35.1828
69.0492 35.6027
70.6127 35.6859
91.3125 35.9265
15.0048 36.3033
16.4243 36.6619
36.6978 36.1933
52.8497 36.0935
68.2969 36.6612
69.8081 36.6575
90.7111 36.8289
91.8894 36.2176
16.9492 37.3688
17.4769 37.921
37.1776 37.4588
52.5083 37.041
67.8172 37.6138
68.6058 37.7118
89.9638 37.5503
17.1062 38.9623
18.912 38.7412
38.0232 38.9554
52.0627 38.8156
66.4721 38.8373
67.9985 38.4605
88.589 38.1065
89.0042 38.9816
18.4755 39.9046
39.8178 39.1774
52.1992 39.1381
65.8899 39.6847
66.3833 39.8366
87.9348 39.4511
88.4143 39.6535
19.0535 40.4902
40.8007 40.9152
52.2107 40.5765
64.7132 40.1256
86.346 40.0365
87.2379 40.3324
20.9013 41.2907
41.3728 41.2599
52.0457 41.305
63.3013 41.6167
85.3789 41.6056
86.9709 41.4826
21.3936 42.0147
42.5102 42.1829
52.4803 42.7644
62.5157 42.554
63.753 42.1414
84.7379 42.0088
85.4795 42.324
22.1998 43.3068
43.3955 43.5624
52.2782 43.4355
61.6854 43.3621
83.7788 43.5094
84.9102 43.8259
22.537 44.0932
23.664 44.8089
43.5752 44.8542
44.2398 44.0459
51.3483 44.9522
52.0868 44.9043
60.1077 44.0708
82.34 44.9213
83.9162 44.4984
24.2029 45.7799
44.3445 45.1641
45.4652 45.8808
51.3805 45.0344
52.9368 45.1661
59.5827 45.7782
81.0782 45.3519
82.0089 45.105
24.6109 46.2242
25.9521 46.6839
45.3858 46.1562
46.0131 46.0481
51.2937 46.503
52.544 46.3926
58.4984 46.0283
80.99 46.6705
81.7718 46.0215
25.165 47.8942
26.2157 47.2604
46.9883 47.0485
47.148 47.4754
51.7164 47.5206
52.4368 47.4723
57.1999 47.4541
79.0636 47.5694
80.1973 47.9338
26.195 48.5053
27.2764 48.4054
47.5465 48.4739
48.3345 48.2394
51.318 48.4422
52.2702 48.8424
56.4834 48.4076
78.8355 48.2247
79.7136 48.7515
27.2014 49.4281
28.7177 49.344
48.2679 49.7221
49.2792 49.5574
51.2487 49.9738
52.7723 49.8438
55.5632 49.0972
77.4373 49.0337
78.566 49.9902
28.1969 50.0115
29.1457 50.8624
49.2954 50.9239
50.7239 50.3633
51.5409 50.578
52.6863 50.4147
53.4318 50.1852
54.7761 50.1549
76.9509 50.1071
77.4818 50.8997
29.3048 51.7588
30.9506 51.5284
50.3935 51.3279
51.4581 51.1989
52.2886 51.4634
53.9662 51.7997
75.5031 51.5916
76.7999 51.044
30.3332 52.0156
31.9743 52.6131
32.054 52.4538
33.204 52.2546
34.2494 52.1742
35.1245 52.2418
36.0586 52.3811
37.7585 52.1013
38.6194 52.0093
39.7569 52.0137
40.49 52.5835
41.4467 52.7948
42.3313 52.2975
43.2176 52.8626
44.6293 52.9714
45.2759 52.0981
46.7401 52.041
47.3009 52.0033
49.0386 52.2374
50.0313 52.0657
51.4519 52.1121
52.3154 52.7331
53.1585 52.0637
74.6551 52.9065
75.7349 52.0231
29.7753 53.3569
30.5308 53.4536
41.2501 53.972
42.554 53.8205
43.7168 53.2387
44.6461 53.1891
45.7088 53.8695
46.2312 53.1046
47.6396 53.9766
48.4168 53.4125
49.9675 53.701
50.7308 53.1741
51.0736 53.7042
52.274 53.3339
53.8846 53.4257
54.5695 53.2956
55.7698 53.5161
56.891 53.0624
57.7453 53.3488
58.3512 53.0981
59.5167 53.0189
60.5304 53.5643
61.3898 53.7345
62.9279 53.0925
63.5824 53.0066
64.0169 53.7441
65.9677 53.5444
66.1841 53.3164
67.7802 53.2617
68.3352 53.6519
69.3164 53.3009
70.4476 53.1033
71.1604 53.4808
72.8523 53.8156
73.9659 53.0751
74.5242 53.9771
28.3267 54.3257
29.1651 54.6979
49.7664 54.6006
50.3577 54.672
51.3776 54.5987
52.5737 54.2781
53.1435 54.5113
54.316 54.2767
73.4725 54.5437
74.1783 54.7591
75.9763 54.705
27.1001 55.5041
28.0237 55.2719
48.6022 55.3999
49.1014 55.8317
51.28 55.0858
54.5123 55.3126
75.3396 55.472
26.4424 56.9064
47.4546 56.2915
48.9297 56.2891
51.7279 56.342
55.7628 56.0481
76.0368 56.5737
25.8442 57.7192
46.5456 57.6783
47.0459 57.3425
51.6639 57.3372
56.0923 57.9412
77.2349 57.7832
24.498 58.8307
45.2324 58.8336
46.095 58.1645
51.7494 58.0498
57.1777 58.622
77.5586 58.1807
78.7995 58.6456
23.0266 59.5445
24.2497 59.1326
44.6632 59.5074
45.245 59.9888
51.0858 59.7134
58.8636 59.449
78.6821 59.2228
79.7551 59.572
22.7506 60.2148
23.6578 60.8155
43.401 60.411
44.753 60.0973
51.9964 60.876
59.8888 60.2485
79.4159 60.3506
80.204 60.2669
21.9234 61.7754
42.1844 61.274
43.9181 61.1591
51.6812 61.5842
60.354 61.4496
80.9236 61.7913
81.1043 61.5626
20.0572 62.2788
41.0557 62.2253
42.2391 62.0609
51.212 62.7902
61.8204 62.3583
81.5885 62.6764
82.6479 62.8185
19.1793 63.5935
40.0166 63.7833
41.7776 63.2059
51.3036 63.5124
62.9306 63.3915
82.815 63.7682
83.8112 63.7534
18.8766 64.6674
39.2861 64.5395
40.7001 64.2075
51.9631 64.6264
63.0569 64.3727
83.4975 64.7242
17.2878 65.2263
38.9402 65.458
39.684 65.8957
51.4076 65.4829
64.7668 65.856
84.8553 65.2884
16.5001 66.4194
37.2362 66.8483
38.9651 66.835
51.8249 66.7725
64.5294 66.9068
65.9896 66.1175
85.0415 66.535
15.1916 67.5112
36.0818 67.0881
37.496 67.7475
51.8018 67.0109
65.3718 67.5092
66.3819 67.5749
85.0658 67.3735
86.6403 67.1777
13.3285 68.7565
14.8229 68.0978
35.7765 68.9545
51.1063 68.1102
66.6688 68.9357
67.8453 68.87
86.3828 68.0421
87.0952 68.4694
12.3666 69.2539
13.4413 69.0755
34.8524 69.1756
35.6655 69.0533
51.1104 69.3996
67.2831 69.4825
68.5253 69.4012
87.4793 69.4723
88.2757 69.6251
11.4773 70.1816
12.8993 70.9164
33.8697 70.9504
34.5228 70.9535
51.9436 70.4489
68.0404 70.8398
69.5315 70.2505
88.0196 70.51
89.4186 70.7346
11.6177 71.1057
32.838 71.7258
33.2889 71.98
51.0849 71.776
69.5636 71.4834
70.782 71.4949
89.6814 71.1904
90.825 71.8361
10.3588 72.7216
31.5427 72.7434
51.4731 72.817
70.0999 72.0665
71.943 72.8185
90.6767 72.1488
91.5882 72.2163
10.4536 73.9961
30.2492 73.4158
51.9348 73.4318
71.9466 73.3825
72.6413 73.144
91.3646 73.3184
10.7029 74.032
29.4365 74.0298
50.3837 74.7578
51.3156 74.139
72.0688 74.9087
73.5121 74.7992
92.7462 74.6773
10.4775 75.0674
28.5136 75.4664
49.4166 75.5908
50.1421 75.3224
51.6103 75.7654
52.2277 75.6063
73.0291 75.0204
74.962 75.8065
92.5184 75.3861
10.0529 76.901
27.3381 76.0018
48.8276 76.1745
49.3361 76.7184
53.048 76.8964
74.5386 76.454
92.4705 76.7668
10.4372 77.4567
26.681 77.5366
48.7548 77.1328
53.2364 77.7068
54.9709 77.5951
75.6447 77.7152
92.3882 77.5882
10.2135 78.5147
25.0214 78.9474
47.2989 78.951
54.0896 78.2464
55.9869 78.8453
76.3933 78.7913
92.7364 78.1884
10.3573 79.6165
24.0173 79.3519
45.0215 79.6381
46.474 79.7238
55.7595 79.6228
56.6449 79.6741
77.007 79.1269
92.77 79.256
10.7819 80.062
23.7182 80.5511
44.2761 80.0446
45.5644 80.0619
56.3006 80.1847
57.8482 80.0604
78.8663 80.4703
92.0461 80.2976
10.6796 81.4032
22.2871 81.9806
43.8363 81.0444
44.8442 81.4239
57.4934 81.1226
58.4322 81.2799
79.8009 81.3639
92.844 81.7572
10.8746 82.6986
21.9549 82.7295
42.0913 82.5011
43.6287 82.1453
58.4871 82.5192
59.5544 82.6414
80.5406 82.6489
92.546 82.7682
10.1228 83.2118
19.3369 83.7324
20.8933 83.8898
41.3992 83.0637
42.9254 83.9752
59.8195 83.1117
60.841 83.0905
81.7635 83.7785
92.2368 83.0364
10.5586 84.3947
19.6822 84.9218
40.9278 84.1437
41.071 84.2334
60.4045 84.941
61.6078 84.0024
82.4609 84.1755
92.2107 84.7213
10.3798 85.2177
17.6109 85.1696
18.4028 85.1016
39.9308 85.8047
40.1837 85.2877
61.0222 85.8725
62.0814 85.9111
83.3453 85.8951
92.3205 85.4231
10.6701 86.6924
16.5535 86.0309
17.3807 86.5923
38.8538 86.8433
62.6658 86.9872
63.6717 86.1264
83.3731 86.8919
84.7852 86.5784
92.8134 86.6605
10.7753 87.027
16.2911 87.5169
37.0585 87.4576
38.6455 87.0567
63.007 87.7773
64.5832 87.3754
84.1882 87.222
85.0825 87.9804
92.2544 87.8123
10.651 88.142
14.5139 88.7635
15.7187 88.8405
36.716 88.2587
64.9463 88.965
65.0787 88.4877
85.7317 88.9202
86.0931 88.3608
92.694 88.2984
10.1335 89.8023
13.4181 89.7714
14.4058 89.0305
34.2398 89.8595
35.2655 89.7303
65.3533 89.7342
86.4348 89.524
87.0226 89.7099
92.1527 89.6483
10.1769 90.5813
11.7873 90.2417
12.1727 90.4633
13.9422 90.1499
33.0026 90.2879
34.5888 90.6549
66.7336 90.6173
67.2545 90.034
87.4537 90.9259
88.7996 90.3558
92.5106 90.0106
10.8123 91.4178
11.3227 91.6835
12.1556 91.2337
32.5428 91.4046
33.6942 91.9753
67.8572 91.0097
68.7354 91.7758
88.2009 91.1908
89.2138 91.3006
92.6695 91.8841
10.1514 92.4925
11.9101 92.2228
12.424 92.3961
13.2719 92.2109
14.3661 92.469
15.4975 92.7733
16.2449 92.2858
17.2369 92.3393
31.1337 92.0404
32.1647 92.616
68.2187 92.7537
89.9824 92.7069
90.0665 92.5925
91.0859 92.2327
92.888 92.2066
13.1816 93.6101
14.326 93.4883
15.6299 93.1455
16.8002 93.6633
17.7988 93.0984
18.9398 93.1176
19.2084 93.3735
20.1357 93.8668
21.7485 93.9939
22.7426 93.0741
23.7481 93.0153
24.9628 93.5236
25.1815 93.0354
26.9429 93.4551
27.7889 93.9554
28.1153 93.666
29.3949 93.1491
30.3141 93.2878
31.2059 93.697
69.6979 93.1414
90.3666 93.8416
91.0111 93.0801
92.5578 93.3182
29.2137 94.2245
30.9163 94.7207
70.0117 94.4962
71.0589 94.5548
72.3193 94.3566
73.4902 94.1392
74.1832 94.1574
75.1772 94.0067
76.2027 94.0082
77.5711 94.9649
78.9732 94.5681
79.857 94.4705
80.588 94.6676
81.714 94.4747
82.7267 94.1663
83.3661 94.3959
84.3638 94.9539
85.2055 94.3744
86.6269 94.4994
87.7691 94.4683
88.8373 94.8556
89.3499 94.9432
90.2623 94.5252
91.0247 94.3156
92.6132 94.0938
78.3786 95.3031
79.8174 95.0376
87.7084 95.3401
