37.3182 7.42924
38.0275 7.37004
39.6371 7.33256
40.115 7.58443
41.9561 7.31129
42.9051 7.43611
43.5344 7.77975
44.0789 7.60833
45.6412 7.47386
46.2985 7.00674
47.3859 7.08563
48.9278 7.71941
49.4642 7.14933
50.9991 7.24345
51.1017 7.33619
30.9544 8.38639
31.9761 8.81335
32.1932 8.74718
33.3984 8.82351
34.9584 8.18351
51.5362 8.14179
52.5914 8.17185
53.9587 8.56539
54.6871 8.46635
55.2848 8.09302
56.1818 8.96255
57.217 8.94992
58.9022 8.17267
24.7406 9.11472
25.6098 9.2186
26.7698 9.50487
27.0708 9.74819
28.0235 9.47597
29.1814 9.68224
30.4099 9.79238
56.6825 9.1973
57.7023 9.72433
58.4923 9.85156
59.7875 9.42842
60.1902 9.25895
61.2673 9.26774
62.6817 9.21894
22.6951 10.2273
23.5766 10.7073
24.228 10.0818
25.3113 10.6344
26.9772 10.4712
60.546 10.7776
61.8357 10.5415
62.8694 10.7936
63.0663 10.3048
64.3402 10.7169
65.4311 10.3784
20.8992 11.8514
21.1422 11.2548
22.1802 11.46
63.4171 11.7629
64.7535 11.1601
65.9177 11.8741
66.3323 11.4299
19.8564 12.5107
20.973 12.1326
40.0486 12.5119
41.8003 12.464
42.6942 12.4153
43.2904 12.2308
44.1687 12.2079
45.6408 12.8646
46.6056 12.705
47.2595 12.0788
48.5504 12.7118
49.9053 12.5746
50.4688 12.6246
51.5087 12.7012
52.3892 12.6279
53.2066 12.4786
54.462 12.1429
55.6204 12.8865
56.7146 12.6848
57.91 12.8284
65.7867 12.7842
66.6343 12.675
67.9245 12.1296
18.9496 13.794
19.0153 13.586
35.177 13.9726
36.9459 13.2478
37.2702 13.1391
38.0632 13.1803
57.2153 13.2889
58.02 13.0074
59.893 13.0223
60.7871 13.0011
61.4354 13.6002
66.1121 13.8289
67.6078 13.9225
68.2073 13.6163
16.247 14.3381
17.947 14.4795
31.2886 14.6898
32.3556 14.1849
33.4117 14.5027
34.6688 14.0926
62.8356 14.7212
63.7475 14.0386
64.2972 14.9009
65.1267 14.3128
68.7415 14.2617
69.4805 14.3893
15.7563 15.5094
16.7845 15.5647
29.2826 15.8298
30.9562 15.1608
31.6307 15.9637
65.256 15.4481
66.3355 15.7682
67.2283 15.9462
70.8798 15.1703
71.4655 15.2572
14.8186 16.9198
15.9751 16.0894
27.3348 16.0461
28.4322 16.6252
67.758 16.4284
68.0971 16.8926
72.0773 16.3811
13.6811 17.2937
14.9796 17.6646
25.9399 17.9482
26.4438 17.8263
69.2777 17.0075
70.4247 17.2764
73.1416 17.5957
74.6539 17.0079
12.4884 18.5339
23.0924 18.3648
24.1055 18.5039
25.0646 18.7651
70.0656 18.8074
71.605 18.7853
75.0981 18.3776
76.0492 18.5131
12.1576 19.1989
22.4001 19.5728
23.9711 19.7903
72.5011 19.7319
76.8443 19.9108
77.5467 19.493
78.5096 19.1406
79.9628 19.5793
11.2966 20.4961
21.1867 20.7179
22.4047 20.7344
73.3795 20.6292
78.5624 20.5029
79.6011 20.6267
80.8509 20.992
10.4787 21.735
20.9761 21.2443
21.902 21.7314
74.7688 21.7801
79.7735 21.0177
80.1942 21.6925
9.34812 22.7279
10.6531 22.8691
19.1913 22.9793
20.855 22.4986
75.2871 22.6716
80.0448 22.5145
81.3286 22.7412
9.86419 23.137
18.7212 23.2779
19.6292 23.1646
81.3291 23.4072
8.30476 24.1753
9.49898 24.3486
18.9583 24.2919
19.3881 24.552
76.9723 24.6681
81.132 24.3221
82.7987 24.3509
8.88086 25.8343
9.53496 25.6772
17.2357 25.9496
18.104 25.8593
29.1171 25.7353
77.3189 25.9159
82.5962 25.0956
7.61287 26.6057
8.71975 26.4217
17.718 26.5184
18.8614 26.6638
29.071 26.9812
77.6284 26.7345
83.2296 26.9347
6.85757 27.6479
7.0795 27.4367
8.7289 27.3016
16.1141 27.9494
17.5309 27.3073
29.5672 27.0648
78.1067 27.7765
83.6806 27.8272
6.5136 28.4679
7.88818 28.3067
8.92621 28.2016
16.1965 28.5817
17.3155 28.948
29.5448 28.7848
78.9342 28.4962
84.4234 28.3703
5.14026 29.1089
6.5349 29.2587
7.58922 29.07
16.7763 29.0135
17.3271 29.5309
29.325 29.7084
78.8152 29.5616
79.1098 29.6396
84.417 29.8138
5.44752 30.5405
6.38038 30.7011
7.12738 30.4541
15.844 30.5029
16.7235 30.9206
29.9014 30.2991
79.4171 30.6345
84.2518 30.1399
7.11039 31.2301
15.4718 31.3595
16.1116 31.3493
29.4352 31.4381
36.1747 31.6487
37.9166 31.3182
38.1731 31.9032
39.9063 31.5838
40.1896 31.8608
41.6704 31.4059
42.3037 31.0061
43.0859 31.6621
44.8574 31.8879
79.2821 31.1367
84.4807 31.1679
85.1203 31.2069
4.65777 32.0457
7.54292 32.9214
15.1163 32.2178
29.3222 32.8777
32.8196 32.0257
33.2412 32.8055
34.8434 32.9493
35.2375 32.2597
36.9193 32.1029
41.5407 32.3328
44.925 32.8892
45.3363 32.7898
46.1032 32.4673
47.9848 32.5336
49.29 32.1924
50.3298 32.8073
79.9351 32.6811
85.1251 32.0379
4.19309 33.6613
7.11136 33.7299
15.8693 33.2605
22.7757 33.3136
29.4998 33.8905
30.3229 33.3543
31.3478 33.3834
41.892 33.0299
48.5969 33.5363
49.5466 33.2819
50.5233 33.7206
79.0742 33.5459
80.9275 33.7112
85.1209 33.4697
7.60671 34.3934
14.697 34.523
15.1507 34.5031
22.5823 34.9062
27.8397 34.0555
28.6629 34.6642
41.9279 34.6205
49.7314 34.4118
50.0926 34.0998
51.7809 34.5767
52.3315 34.1616
80.3245 34.5653
85.087 34.9907
4.77132 35.7605
7.88147 35.5087
14.3903 35.7538
26.2431 35.7211
27.8938 35.7215
49.2043 35.3481
53.1707 35.3489
54.1529 35.3943
80.2017 35.2099
85.3191 35.8144
4.68752 36.0078
7.67739 36.9311
14.4208 36.5835
25.547 36.7603
49.934 36.0984
55.6694 36.9019
56.4533 36.2959
80.0468 36.1505
85.691 36.2507
4.32121 37.4836
7.50667 37.5097
14.9752 37.5822
24.9687 37.0321
49.1373 37.5418
57.8477 37.835
58.2714 37.9286
72.0725 37.7488
80.532 37.8376
85.181 37.1924
4.06769 38.1091
7.29505 38.3706
14.0519 38.3598
23.6536 38.8018
24.7246 38.9838
49.2322 38.5827
58.2239 38.7819
59.4831 38.295
71.491 38.3727
80.7245 38.961
85.0275 38.0442
4.21216 39.9545
7.78896 39.2004
8.42375 39.2727
14.9927 39.0606
23.5871 39.0764
40.1245 39.7659
59.9843 39.9027
60.9225 39.551
61.0618 39.4591
71.6221 39.1365
80.8794 39.4035
85.2407 39.9979
5.92688 40.0162
8.18546 40.668
14.8427 40.1718
22.9644 40.7288
40.0631 40.5151
48.2822 40.6489
60.9348 40.2489
61.3019 40.123
62.321 40.4398
70.3542 40.0697
80.2342 40.2466
85.875 40.9437
5.52403 41.9799
9.85278 41.5181
14.1542 41.3977
22.567 41.7951
40.098 41.1433
61.8988 41.1979
62.3841 41.7322
70.9951 41.7043
80.3247 41.9945
85.5677 41.0739
5.45546 42.3778
10.6082 42.8286
14.2209 42.0183
22.8001 42.141
62.9338 42.9857
63.4097 42.287
69.0424 42.6077
80.9364 42.8194
85.2348 42.2815
5.30461 43.1179
11.4127 43.6774
12.8772 43.4735
13.0657 43.7411
14.0729 43.3606
22.077 43.4018
28.8685 43.0568
29.492 43.3909
30.9667 43.2626
31.2811 43.0786
32.9117 43.8813
63.6283 43.7344
69.9331 43.6116
80.7754 43.1171
5.79907 44.5121
13.9553 44.8023
14.4617 44.1923
15.4436 44.151
22.7734 44.7868
23.2608 44.3285
24.0575 44.3688
25.5567 44.2772
26.8136 44.9601
34.2065 44.0513
63.3384 44.7916
64.6523 44.419
68.5447 44.9735
80.519 44.1385
84.7579 44.2291
6.0376 45.814
15.773 45.8495
16.8061 45.7384
21.9525 45.5253
22.9193 45.6279
35.6461 45.2114
36.9991 45.656
64.7148 45.6814
79.1567 45.6924
80.4385 45.9277
84.4179 45.1532
6.5909 46.0632
17.6413 46.3687
18.961 46.8817
19.4636 46.8749
36.1031 46.7326
64.3001 46.5356
79.5967 46.866
6.93414 47.8999
7.59752 47.9052
36.7249 47.703
64.9605 47.602
65.9661 47.9161
66.7168 47.532
79.426 47.25
83.1847 47.8846
7.60079 48.522
37.4977 48.0063
65.7113 48.7883
66.8289 48.8513
78.976 48.6521
83.094 48.9964
7.19001 49.6503
8.41499 49.3773
37.1422 49.1276
49.1236 49.4017
50.9017 49.5026
51.5879 49.5947
52.504 49.3326
53.642 49.4353
54.0699 49.0841
55.9003 49.537
65.8864 49.0143
78.7389 49.8313
82.4817 49.0696
8.22269 50.9089
9.22648 50.2093
36.762 50.1759
37.4908 50.0577
47.7789 50.9803
48.8897 50.294
49.1639 50.3654
50.6471 50.684
51.8059 50.6066
52.6111 50.1607
53.9749 50.1877
54.9501 50.8601
55.8394 50.3726
56.062 50.5182
65.9006 50.0294
77.7281 50.1359
81.6233 50.8623
9.04135 51.3174
10.045 51.708
36.1422 51.1887
37.6457 51.0532
46.2919 51.3026
47.2576 51.4287
56.3149 51.4361
57.2983 51.8363
65.9419 51.6868
81.1064 51.8665
10.0842 52.7743
11.6623 52.6602
36.5713 52.9528
45.4752 52.3735
57.3824 52.4414
58.9176 52.3007
65.9033 52.7785
76.7869 52.3106
80.2401 52.0056
11.3789 53.7554
12.1207 53.0883
36.8504 53.5046
44.4152 53.4789
45.1552 53.2635
58.8072 53.2286
65.3337 53.8303
66.6464 53.5547
75.4357 53.4497
79.5141 53.2685
13.8615 54.9175
14.5327 54.9716
36.3987 54.5943
44.9513 54.4256
59.7379 54.9831
65.0367 54.0017
66.7482 54.0276
74.804 54.617
75.2939 54.788
78.6142 54.0634
79.8731 54.6491
14.1741 55.1348
15.86 55.7191
35.9671 55.4602
36.6325 55.5725
44.6464 55.4471
59.3643 55.9966
60.4234 55.2435
65.7663 55.895
66.9804 55.1234
73.5546 55.0059
74.9406 55.2017
78.9298 55.5917
16.426 56.8862
17.8463 56.7544
35.7343 56.9723
36.3543 56.5354
44.6658 56.7857
60.7952 56.4539
61.5327 56.281
65.1318 56.6412
66.3808 56.5014
71.1949 56.2273
72.4552 56.3052
73.1259 56.1354
77.4421 56.7677
17.7996 57.9409
18.5163 57.1614
19.5058 57.9509
35.7273 57.9243
44.6719 57.1612
60.7544 57.5191
61.9078 57.246
65.5619 57.5925
70.1549 57.2372
71.9862 57.3389
76.2192 57.0494
19.7857 58.4757
20.4706 58.5072
35.1849 58.736
44.9895 58.0297
61.444 58.2853
62.942 58.6309
65.4848 58.9681
68.4649 58.3895
69.1045 58.7912
75.8412 58.0464
20.8095 59.5489
21.2486 59.8854
22.7982 59.998
35.8613 59.5526
45.1265 59.4865
62.5862 59.9724
63.586 59.4454
64.2152 59.0153
65.3257 59.6465
66.2754 59.0733
67.7501 59.6345
68.3571 59.2003
73.7233 59.2401
74.2017 59.9734
22.6107 60.5779
23.331 60.7299
35.1908 60.438
45.4982 60.3398
64.9667 60.4759
72.7429 60.165
73.9091 60.1079
23.3306 61.3663
24.1628 61.5173
35.3585 61.2118
46.7469 61.6785
71.308 61.5427
72.7806 61.805
24.3262 62.0547
25.2652 62.1271
34.5173 62.5493
46.955 62.4068
69.0244 62.8124
70.3458 62.0937
71.184 62.2763
25.3157 63.5315
26.5341 63.1205
34.4454 63.1183
47.9568 63.9688
68.5535 63.8292
69.7369 63.8383
26.4742 64.0051
33.818 64.4959
48.6118 64.8173
66.0373 64.8808
67.3004 64.3101
26.6191 65.7455
33.5029 65.4314
48.7107 65.1759
65.8784 65.9549
66.24 65.1434
26.7497 66.7011
33.8759 66.7465
49.0033 66.9644
63.375 66.2986
64.4516 66.5502
26.0926 67.9172
27.6895 67.3307
33.9425 67.772
49.9764 67.7235
62.5842 67.6465
26.1746 68.0011
27.1204 68.9714
32.2762 68.8366
50.0855 68.9839
60.5484 68.9914
61.0061 68.1709
26.8296 69.5523
32.3154 69.6518
35.0069 69.6238
36.9019 69.6558
37.2071 69.881
38.0743 69.7527
39.7309 69.8909
40.2245 69.9912
41.2633 69.6069
42.9672 69.6012
43.3901 69.9437
44.0411 69.4176
45.9529 69.8384
50.7506 69.6808
59.2723 69.7044
26.2289 70.3698
31.7723 70.684
35.306 70.7261
36.0365 70.6055
37.2604 70.1216
44.826 70.0531
45.2372 70.93
46.0927 70.4525
47.6136 70.5553
48.5177 70.582
50.0927 70.2754
57.6054 70.4123
58.8072 70.0562
26.8672 71.6841
31.2139 71.9925
47.1223 71.1266
48.0607 71.5323
49.4512 71.7263
50.2073 71.1406
56.8287 71.95
57.5796 71.5587
26.9707 72.3295
30.0421 72.3154
49.4258 72.3137
50.4654 72.647
51.441 72.7944
55.7736 72.4808
26.6352 73.213
30.251 73.6402
50.0094 73.6522
51.8899 73.9261
54.3275 73.8215
55.0606 73.2318
26.3959 74.3406
29.285 74.3477
30.2762 74.2287
50.3951 74.6108
53.9597 74.0044
54.8568 74.0568
26.5368 75.3037
29.5421 75.2305
49.3909 75.4213
50.7289 75.3106
53.4503 75.6829
25.611 76.7041
26.0265 76.0527
29.0991 76.7699
49.2726 76.8842
52.1935 76.8232
25.792 77.2196
26.7116 77.0811
49.4282 77.5445
51.6484 77.7029
52.7681 77.4032
25.9547 78.583
26.3889 78.7831
28.0116 78.0512
48.3813 78.6709
51.5837 78.1388
25.178 79.6905
28.532 79.5636
48.2213 79.2266
50.0682 79.0935
26.4991 80.9409
28.8309 80.4424
47.4817 80.0871
48.5651 80.3556
49.49 80.5312
50.6873 80.0414
25.0267 81.8827
26.5159 81.6042
27.1016 81.6438
28.4486 81.6357
47.0823 81.7826
48.8696 81.6211
49.1018 81.6352
25.065 82.3156
26.5531 82.5461
27.9304 82.7478
28.7044 82.149
46.7502 82.0066
47.9633 82.6983
48.8303 82.4674
25.8232 83.3543
26.2662 83.6139
27.023 83.8307
45.6264 83.112
46.9504 83.309
47.8337 83.2918
48.8205 83.0272
26.0243 84.6942
27.6613 84.4482
45.6673 84.8382
46.6374 84.4148
47.725 84.8647
26.7423 85.1973
27.1353 85.2143
44.3911 85.8394
45.398 85.9939
46.9455 85.7102
25.5453 86.1891
26.7007 86.6664
27.2788 86.379
43.3673 86.7329
44.5539 86.1086
45.5783 86.7068
26.3918 87.5762
27.4525 87.5915
40.2024 87.7909
41.7459 87.2676
42.3974 87.8578
43.6227 87.3057
44.5764 87.5453
26.5762 88.3282
41.0653 88.7937
42.5311 88.8268
43.0913 88.317
26.6595 89.8403
41.3718 89.9591
26.9404 90.4011
27.4024 90.9565
41.9948 90.1545
27.2224 91.7663
40.2275 91.0586
41.9401 91.6144
27.8065 92.5706
40.7996 92.4213
28.512 93.2255
39.0697 93.2606
40.9855 93.0135
28.5358 94.0067
29.4102 94.463
39.8772 94.329
29.1555 95.8341
30.7102 95.6877
37.414 95.3306
38.5787 95.4872
31.3652 96.7349
32.6725 96.045
33.8949 96.3741
34.5564 96.5306
35.4036 96.821
36.6896 96.5314
