55.4263 6.99789
56.9932 6.40983
50.8541 7.23295
51.0781 7.74709
52.1769 7.92676
53.0121 7.89325
58.9118 7.14966
59.2191 7.17063
60.8087 7.99973
48.8606 8.22767
49.0228 8.21137
50.6341 8.76971
61.546 8.9855
62.9083 8.27647
63.6795 8.69567
48.2288 9.6122
49.8293 9.62841
61.723 9.93429
62.4047 9.41231
63.4371 9.80725
64.1011 9.2931
46.1365 10.9279
47.35 10.9106
64.5994 10.3684
65.2153 10.734
44.9365 11.7422
45.5183 11.8112
66.967 11.2017
43.4728 12.9897
44.1827 12.6706
45.611 12.2632
46.331 12.2195
67.2815 12.4027
42.1484 13.991
43.5012 13.5261
68.2759 13.5782
69.4417 13.764
42.8867 14.2666
69.3314 14.6771
42.0587 15.0418
70.0558 15.5823
41.422 16.772
42.2355 16.4428
70.1129 16.4702
40.064 17.4789
70.5665 17.0431
40.6872 18.1562
70.1773 18.4321
39.4041 19.7068
40.3616 19.5537
70.4721 19.8393
38.0498 20.9441
39.7965 20.7957
70.1439 20.5161
38.2857 21.4094
39.9665 21.333
70.1548 21.3214
38.2373 22.8065
39.9561 22.0115
70.6054 22.2247
38.6209 23.8
39.269 23.0163
70.2912 23.4756
38.7154 24.6576
39.2246 24.7078
69.1107 24.6277
38.5519 25.8979
39.3706 25.3201
68.1696 25.6258
69.4454 25.3141
38.5493 26.3489
39.8483 26.9149
68.7429 26.509
69.9589 26.3665
38.3678 27.7044
39.1339 27.6463
68.8505 27.0812
69.1555 27.2439
38.7124 28.6034
39.049 28.8345
68.177 28.3544
69.8003 28.2492
40.8815 29.5295
67.0058 29.6528
40.9716 30.2731
67.9849 30.33
41.3645 31.0183
66.3861 31.9918
42.4572 32.4844
66.8193 32.004
42.0645 33.9893
66.5445 33.447
42.8665 34.232
43.7479 34.4107
66.1462 34.2029
43.438 35.4328
44.1014 35.3761
65.4912 35.486
44.508 36.8425
45.8798 36.4199
46.019 36.5376
62.6122 36.2641
63.8799 36.2216
64.4179 36.2994
46.3407 37.3678
47.7075 37.3023
48.5466 37.6155
61.8393 37.8704
62.1885 37.9431
63.2241 37.2326
49.6945 38.2187
50.2987 38.4538
51.244 38.2841
52.9005 38.4369
59.3847 38.227
60.0727 38.6306
49.5347 39.0006
50.8334 39.8482
51.1506 39.0439
52.9382 39.1045
53.8431 39.0609
58.1686 39.8759
59.2205 39.6135
60.1769 39.6909
53.7426 40.6862
54.4183 40.4571
55.3654 40.8767
56.2037 40.4301
57.2575 40.3704
58.4014 43.2321
58.3714 44.354
58.8211 45.825
59.1479 47.0246
59.8108 48.8451
59.1377 49.8518
81.0976 49.2052
82.8199 49.2464
83.4042 49.3704
84.3989 49.2951
85.8719 49.2146
86.8612 49.7147
87.8211 49.8626
88.0731 49.684
28.8817 50.4251
29.2007 50.7088
30.0235 50.0327
31.2338 50.1759
32.5179 50.0747
33.8939 50.7536
34.363 50.0492
35.7086 50.2929
36.2029 50.9309
37.5332 50.3887
38.2718 50.463
59.3009 50.2533
78.3952 50.2786
79.2827 50.0628
80.5791 50.259
81.6382 50.4288
88.2177 50.0341
89.5387 50.1537
90.4526 50.0317
91.6442 50.9265
92.7121 50.9826
28.2145 51.1124
29.965 51.2857
30.6371 51.2963
31.7174 51.1421
32.6512 51.7329
33.2853 51.8618
34.0517 51.3624
35.3741 51.2513
36.1519 51.5464
37.4953 51.4874
38.7875 51.1807
59.253 51.3831
78.1428 51.3413
79.0306 51.4528
80.1808 51.1205
89.1091 51.6826
90.9576 51.8075
91.7478 51.4115
92.603 51.072
25.2604 52.2307
26.2483 52.3057
27.615 52.3063
28.6828 52.7779
29.592 52.0323
30.0198 52.7624
31.029 52.42
39.154 52.2906
40.1851 52.1296
41.2906 52.6889
59.756 52.5511
77.3283 52.5542
93.5704 52.84
94.3772 52.3263
95.4988 52.3144
24.1925 53.1116
25.6075 53.1198
26.8053 53.915
42.0872 53.5674
43.1319 53.9366
76.9887 53.0527
96.8438 53.0888
97.2956 53.9605
23.2772 54.3905
24.3677 54.4624
44.6659 54.3947
45.2832 54.613
46.4775 54.3049
60.1138 54.6513
76.1339 54.9378
78.6615 54.9137
98.8982 54.1878
99.6906 54.2638
22.209 55.1499
23.1847 55.447
47.243 55.5564
60.6599 55.2745
76.9872 55.6852
77.0669 55.0436
99.6024 55.3939
100.311 55.1014
22.3589 56.4387
47.9231 56.9561
48.9256 56.7312
60.9135 56.8444
74.2941 56.6918
75.3358 56.1597
76.1185 56.3545
100.598 56.6482
21.7528 57.3807
22.0462 57.7784
48.7665 57.6368
60.8581 57.1911
74.22 57.4921
75.7708 57.6355
100.482 57.4952
20.6808 58.2979
21.8659 58.5818
48.6427 58.9293
60.876 58.4731
73.2997 58.6782
100.331 58.4197
19.2779 59.0342
49.1586 59.9469
60.5737 59.7899
72.1361 59.7591
19.4671 60.4261
49.3586 60.458
50.9915 60.8272
60.7181 60.2316
72.4916 60.7334
100.173 60.1703
18.3001 61.8343
50.0894 61.3662
51.0652 61.9128
60.4382 61.4517
61.759 61.9431
71.1234 61.734
18.9001 62.5501
50.2295 62.5814
51.0186 62.7369
61.4646 62.2179
69.8986 62.2857
70.5823 62.582
71.6249 62.7388
18.0638 63.4068
50.9698 63.3658
51.8403 63.1763
61.1475 63.0243
69.3383 63.1154
70.4702 63.3179
71.6281 63.8694
18.9343 64.9605
50.9569 64.0287
51.2709 64.7516
52.4487 64.1559
53.4897 64.0687
54.2502 64.4712
55.4485 64.2844
56.9065 64.8518
57.4793 64.0128
58.2456 64.3021
59.602 64.5927
60.5546 64.5515
61.358 64.713
62.3277 64.9342
63.7935 64.5873
64.3678 64.2098
65.6245 64.5834
66.5232 64.4786
67.1152 64.7141
70.8399 64.8492
71.6999 64.8958
100.411 64.0144
18.8808 65.3804
50.7064 65.3916
51.4318 65.2679
61.6584 65.9833
70.4413 65.5051
100.293 65.6154
18.2228 66.2765
50.179 66.7085
51.6271 66.1947
61.4858 66.2378
70.7851 66.1956
100.92 66.0401
18.8142 67.5444
50.333 67.1215
61.5188 67.8601
70.2721 67.1241
98.6154 67.5631
99.2636 67.6069
18.5159 68.6536
50.103 68.2971
61.1968 68.2252
70.9374 68.969
98.1895 68.6223
99.4196 68.1056
18.2194 69.6454
49.7166 69.9997
61.5276 69.7125
70.6519 69.4508
98.4052 69.3803
99.7642 69.7144
18.9718 70.1346
49.5635 70.8582
61.7289 70.8534
70.7658 70.1845
97.9212 70.8509
98.7869 70.8719
19.2341 71.9067
49.2781 71.4943
61.8618 71.1891
70.9835 71.5739
96.4749 71.4758
97.7011 71.8226
19.1198 72.5806
48.6288 72.2295
61.5818 72.391
70.8759 72.6504
71.2409 72.4237
95.4224 72.0558
20.954 73.3032
21.3069 73.0925
48.9938 73.0718
61.3235 73.1169
71.575 73.7344
72.0104 73.3546
93.9998 73.9469
94.2108 73.3432
21.9543 74.2534
22.9865 74.3154
47.9859 74.7777
61.1675 74.6761
72.6939 74.7771
73.3167 74.2336
74.6642 74.963
90.392 74.3371
91.6795 74.9958
92.8873 74.58
93.2358 74.0598
22.7326 75.2229
47.8973 75.9243
61.7362 75.9945
73.5196 75.3969
74.8477 75.4246
75.8747 75.5771
90.026 75.3678
91.706 75.8129
92.991 75.8721
22.7475 76.7701
23.6418 76.0492
46.7362 76.5194
47.4219 76.104
61.9507 76.0457
75.4134 76.1777
76.3058 76.0896
77.4403 76.1619
78.5353 76.7237
88.9633 76.1398
89.4939 76.5716
24.0468 77.6101
44.1094 77.0771
45.1793 77.1511
46.0168 77.7263
61.2284 77.6799
79.405 77.6331
80.3121 77.9636
81.1074 77.3909
82.8676 77.5391
83.4688 77.5986
84.6979 77.6972
85.0182 77.9671
86.2787 77.687
25.4794 78.4112
26.1062 78.7977
43.1512 78.0348
44.3671 78.4734
61.1879 78.4147
26.7124 79.1176
27.8112 79.0896
42.415 79.7433
61.985 79.6602
28.6952 80.1244
29.5847 80.4068
30.4912 80.6066
40.5917 80.8316
41.4599 80.2316
61.3442 80.0294
28.4865 81.3326
29.3765 81.2967
30.4854 81.2563
31.8768 81.8813
39.7736 81.3691
40.2961 81.2826
41.7972 81.001
61.1381 81.0055
32.4926 82.4874
33.4624 82.1768
34.0647 82.9608
35.1313 82.9279
36.4609 82.052
37.3332 82.9528
38.3246 82.1552
61.4109 82.145
61.7084 83.4143
61.5294 84.7211
61.3277 85.0855
61.2118 86.7374
61.6377 87.4332
61.2759 88.4046
61.5121 89.8162
61.203 90.1081
61.8091 91.1186
61.4682 92.5397
61.6006 93.1829
61.8666 94.8459
61.3511 95.4017
61.3635 96.2019
61.8235 97.1235
61.5018 98.7135
62.9954 98.0292
61.8975 99.0569
62.7663 99.1358
63.8538 99.7606
61.7368 100.583
62.6258 100.536
63.8419 100.859
61.3673 101.563
62.1185 101.624
63.2898 101.137
64.3891 102.782
60.0661 103.584
65.1426 103.964
60.0089 104.85
65.3944 104.073
60.0566 105.666
65.8049 105.055
60.0962 106.707
66.8402 106.54
60.6564 107.64
66.2548 107.517
60.5001 108.463
66.6773 108.708
67.1489 109.066
59.5813 110.773
67.8709 110.387
68.4225 110.031
59.1618 111.096
68.2223 111.827
69.2523 111.198
59.3812 112.222
68.6711 112.464
69.0002 112.152
59.3971 113.108
68.4952 113.71
69.6297 113.594
59.782 114.715
70.7097 114.003
59.8155 115.22
70.2219 115.845
71.7642 115.116
59.8113 116.741
71.5995 116.484
58.7419 117.869
72.3835 117.862
58.7324 118.58
72.0341 118.07
58.0976 119.102
72.8513 119.761
58.7284 120.724
73.5831 120.342
58.9401 121.376
73.3145 121.437
74.7216 121.005
58.9599 122.536
74.4166 122.66
75.64 122.983
58.367 123.681
74.7252 123.976
75.5506 123.918
58.8255 124.72
75.7444 124.36
76.5098 124.397
58.2446 125.103
76.0341 125.102
57.6742 126.053
77.8618 126.41
56.9098 127.267
57.2549 127.727
77.6591 127.35
56.72 128.077
57.7196 128.8
78.5879 128.487
56.4505 129.719
57.5106 129.623
78.4887 129.792
79.1541 129.835
56.2398 130.934
57.8708 130.266
79.1768 130.525
56.631 131.18
57.4751 131.624
79.9958 131.173
56.0179 132.081
57.4122 132.408
80.3018 132.948
81.6117 132.546
55.2737 133.087
80.3933 133.523
81.6304 133.4
55.5732 134.824
81.613 134.57
82.3813 134.42
54.8263 135.729
55.0862 135.018
82.1151 135.953
54.1303 136.779
55.0276 136.996
82.5555 136.168
54.8992 137.164
83.0014 137.083
54.0855 138.743
83.0572 138.925
84.3779 138.874
54.2478 139.764
84.1314 139.299
85.4367 140.256
53.1365 141.864
85.9253 141.471
53.7677 142.204
85.0313 142.278
53.4366 143.508
86.427 143.465
87.8849 143.761
53.0177 144.216
86.345 144.391
87.6438 144.14
53.1022 145.707
88.3848 145.481
53.4877 146.045
88.7494 146.668
53.8347 147.022
89.5311 147.881
53.4289 148.813
89.6105 148.763
53.9842 149.848
90.4876 149.953
53.6749 150.837
90.822 150.584
52.256 151.54
91.7657 151.416
52.3027 152.169
91.367 152.746
92.1001 152.847
93.8291 152.758
52.2144 153.016
92.9022 153.472
93.2776 153.209
52.1923 154.94
92.0156 154.093
93.6677 154.856
52.0522 155.181
94.1427 155.228
52.5196 156.122
95.0226 156.264
52.0066 157.988
96.0885 157.151
96.8764 158.439
97.6049 159.849
97.4839 160.199
